1 10
100 200
201 210
900 1000
55220	67016
47740	76680
76772	67058
27401	41575
17646	75502
85282	89923
86035	97853
2403	8268
8947	62553
63428	18432
9846	67858
43609	57984
15285	33904
49839	42015
4837	37251
14434	63793
49030	79177
79901	13866
3171	67123
48121	49163
30573	93777
18272	15901
77815	30429
42849	86177
34940	73990
30395	52485
35426	21279
43910	77838
52746	49936
74473	32681
17088	48451
36083	43167
6278	54484
54042	23515
43621	55816
30300	14282
95336	16675
11671	37574
64426	68228
8543	86875
83179	94843
7974	65728
47309	71587
61146	82034
11630	57433
72997	77068
5171	6695
50656	99659
61419	11656
76167	29780
26430	44769
4037	67681
98002	36090
61130	23907
29229	23110
93254	34259
54791	76022
70654	61756
45323	28675
95177	1359
73768	76360
1705	97166
17278	58243
22363	34635
91532	25726
26461	20727
78285	25261
47970	79311
53853	58212
5156	11686
96122	56886
28145	6922
15690	87747
81756	13976
77947	94402
77105	49916
31903	22456
36564	20505
10032	48496
56613	92178
68512	76386
28189	76535
30221	55107
88462	2101
96222	40605
44358	34475
87824	68209
81135	35830
45872	14382
2480	3082
42800	25109
88962	14316
52712	74104
79490	79868
7102	3441
51374	7907
28564	97733
36455	28849
86720	66212
51707	78302
