1 10 20
100 200 125
201 210 89
900 1000 174
55220 67016 335
47740 76680 340
76772 67058 325
27401 41575 324
17646 75502 340
85282 89923 333
86035 97853 333
2403 8268 262
8947 62553 340
63428 18432 340
9846 67858 340
43609 57984 340
15285 33904 308
49839 42015 314
4837 37251 324
14434 63793 340
49030 79177 351
79901 13866 351
3171 67123 340
48121 49163 296
30573 93777 351
18272 15901 279
77815 30429 351
42849 86177 351
34940 73990 340
30395 52485 324
35426 21279 311
43910 77838 351
52746 49936 340
74473 32681 340
17088 48451 324
36083 43167 306
6278 54484 340
54042 23515 340
43621 55816 340
30300 14282 308
95336 16675 351
11671 37574 324
64426 68228 312
8543 86875 351
83179 94843 333
7974 65728 340
47309 71587 340
61146 82034 351
11630 57433 340
72997 77068 351
5171 6695 262
50656 99659 351
61419 11656 340
76167 29780 340
26430 44769 324
4037 67681 340
98002 36090 351
61130 23907 340
29229 23110 308
93254 34259 351
54791 76022 335
70654 61756 330
45323 28675 324
95177 1359 351
73768 76360 325
1705 97166 351
17278 58243 340
22363 34635 311
91532 25726 351
26461 20727 282
78285 25261 351
47970 79311 351
53853 58212 322
5156 11686 268
96122 56886 351
28145 6922 308
15690 87747 351
81756 13976 351
77947 94402 338
77105 49916 351
31903 22456 308
36564 20505 324
10032 48496 324
56613 92178 351
68512 76386 325
28189 76535 340
30221 55107 340
88462 2101 351
96222 40605 351
44358 34475 324
87824 68209 351
81135 35830 351
45872 14382 324
2480 3082 217
42800 25109 324
88962 14316 351
52712 74104 335
79490 79868 276
7102 3441 262
51374 7907 324
28564 97733 351
36455 28849 324
86720 66212 351
51707 78302 351
